00000000000000000
00000000000000000
00000000000000000
00000000000110011
00000000111010011
11111110111001100
00000000111101100
11111111100111100
00000001000001000
11111110010000011
00000000101010100
00000101100100100
11110000101111110
00010110010010011
11101111000011010
11111011111101111
00100001001011011
11001011011110110
00101110100110001
11110011101010111
11011101110110110
01000011111101001
10111011100011110
00100001111100001
00010010101111101
11000010000001010
01001010001101110
11001111000111010
00000000000110010
00110001010101110
10110110100000110
00111101010001001
11101110011001000
11011101101000110
01000101100011000
10111010110101010
00100010100011000
00010001111010110
11000011001110010
01001001100000001
11001111000111010
00000000000110010
00110001010101110
10110110100000110
00111101010001001
11101110011001000
11011101101000110
01000101100011000
10111010110101010
00100010100011000
00010001111010110
11000011001110010
01001001100000001
11001111000111010
00000000000110010
00110001010101110
10110110100000110
00111101010001001
11101110011001000
11011101101000110
01000101100011000
10111010110101010
00100010100011000
00010001111010110
11000011001110010
01001001100000001
11001111000111010
00000000000110010
00110001010101110
10110110100000110
00111101010001001
11101110011001000
11011101101000110
01000101100011000
10111010110101010
00100010100011000
00010001111010110
11000011001110010
01001001100000001
11001111000111010
00000000000110010
00110001010101110
10110110100000110
00111101010001001
11101110011001000
11011101101000110
01000101100011000
10111010110101010
00100010100011000
00010001111010110
11000011001110010
01001001100000001
11001111000111010
00000000000110010
00110001010101110
10110110100000110
00111101010001001
11101110011001000
11011101101000110
01000101100011000
10111010110101010
00100010100011000
00010001111010110
11000011001110010
01001001100000001
11001111000111010
00000000000110010
00110001010101110
10110110100000110
00111101010001001
11101110011001000
11011101101000110
01000101100011000
10111010110101010
00100010100011000
00010001111010110
11000011001110010
01001001100000001
11001111000111010
00000000000110010
00110001010101110
10110110100000110
00111101010001001
11101110011001000
11011101101000110
01000101100011000
10111010110101010
00100010100011000
00010001111010110
11000011001110010
01001001100000001
11001111000111010
00000000000110010
00110001010101110
10110110100000110
00111101010001001
11101110011001000
11011101101000110
01000101100011000
10111010110101010
00100010100011000
00010001111010110
11000011001110010
01001001100000001
11001111000111010
00000000000110010
00110001010101110
10110110100000110
00111101010001001
11101110011001000
11011101101000110
01000101100011000
10111010110101010
00100010100011000
00010001111010110
11000011001110010
01001001100000001
11001111000111010
00000000000110010
00110001010101110
10110110100000110
00111101010001001
11101110011001000
11011101101000110
01000101100011000
10111010110101010
00100010100011000
00010001111010110
11000011001110010
01001001100000001
11001111000111010
00000000000110010
00110001010101110
10110110100000110
00111101010001001
11101110011001000
11011101101000110
01000101100011000
10111010110101010
00100010100011000
00010001111010110
11000011001110010
01001001100000001
11001111000111010
00000000000110010
00110001010101110
10110110100000110
00111101010001001
11101110011001000
11011101101000110
01000101100011000
10111010110101010
00100010100011000
00010001111010110
11000011001110010
01001001100000001
11001111000111010
00000000000110010
00110001010101110
10110110100000110
00111101010001001
11101110011001000
11011101101000110
01000101100011000
10111010110101010
00100010100011000
00010001111010110
11000011001110010
01001001100000001
11001111000111010
00000000000110010
00110001010101110
10110110100000110
00111101010001001
11101110011001000
11011101101000110
01000101100011000
10111010110101010
00100010100011000
00010001111010110
11000011001110010
01001001100000001
11001111000111010
00000000000110010
00110001010101110
10110110100000110
00111101010001001
11101110011001000
11011101101000110
01000101100011000
10111010110101010
00100010100011000
00010001111010110
11000011001110010
01001001100000001
11001111000111010
00000000000110010
00110001010101110
10110110100000110
00111101010001001
11101110011001000
11011101101000110
01000101100011000
10111010110101010
00100010100011000
00010001111010110
11000011001110010
01001001100000001
11001111000111010
00000000000110010
00110001010101110
10110110100000110
00111101010001001
11101110011001000
11011101101000110
01000101100011000
10111010110101010
00100010100011000
00010001111010110
11000011001110010
01001001100000001
11001111000111010
00000000000110010
00110001010101110
10110110100000110
00111101010001001
11101110011001000
11011101101000110
01000101100011000
10111010110101010
00100010100011000
00010001111010110
11000011001110010
01001001100000001
11001111000111010
00000000000110010
00110001010101110
10110110100000110
00111101010001001
11101110011001000
11011101101000110
01000101100011000
10111010110101010
00100010100011000
00010001111010110
11000011001110010
01001001100000001
11001111000111010
00000000000110010
00110001010101110
10110110100000110
00111101010001001
11101110011001000
11011101101000110
01000101100011000
10111010110101010
00100010100011000
00010001111010110
11000011001110010
01001001100000001
11001111000111010
00000000000110010
00110001010101110
10110110100000110
00111101010001001
11101110011001000
11011101101000110
01000101100011000
10111010110101010
00100010100011000
00010001111010110
11000011001110010
01001001100000001
11001111000111010
00000000000110010
00110001010101110
10110110100000110
00111101010001001
11101110011001000
11011101101000110
01000101100011000
10111010110101010
00100010100011000
00010001111010110
11000011001110010
01001001100000001
11001111000111010
00000000000110010
00110001010101110
10110110100000110
00111101010001001
11101110011001000
11011101101000110
01000101100011000
10111010110101010
00100010100011000
00010001111010110
11000011001110010
01001001100000001
11001111000111010
00000000000110010
00110001010101110
10110110100000110
00111101010001001
11101110011001000
11011101101000110
01000101100011000
10111010110101010
00100010100011000
00010001111010110
11000011001110010
01001001100000001
11001111000111010
00000000000110010
00110001010101110
10110110100000110
00111101010001001
11101110011001000
11011101101000110
01000101100011000
10111010110101010
00100010100011000
00010001111010110
11000011001110010
01001001100000001
11001111000111010
00000000000110010
00110001010101110
10110110100000110
00111101010001001
11101110011001000
11011101101000110
01000101100011000
10111010110101010
00100010100011000
00010001111010110
11000011001110010
01001001100000001
11001111000111010
00000000000110010
00110001010101110
10110110100000110
00111101010001001
11101110011001000
11011101101000110
01000101100011000
10111010110101010
00100010100011000
00010001111010110
11000011001110010
01001001100000001
11001111000111010
00000000000110010
00110001010101110
10110110100000110
00111101010001001
11101110011001000
11011101101000110
01000101100011000
10111010110101010
00100010100011000
00010001111010110
11000011001110010
01001001100000001
11001111000111010
00000000000110010
00110001010101110
10110110100000110
00111101010001001
11101110011001000
11011101101000110
01000101100011000
10111010110101010
00100010100011000
00010001111010110
11000011001110010
01001001100000001
11001111000111010
00000000000110010
00110001010101110
10110110100000110
00111101010001001
11101110011001000
11011101101000110
01000101100011000
10111010110101010
00100010100011000
00010001111010110
11000011001110010
01001001100000001
11001111000111010
00000000000110010
00110001010101110
10110110100000110
00111101010001001
11101110011001000
11011101101000110
01000101100011000
10111010110101010
00100010100011000
00010001111010110
11000011001110010
01001001100000001
11001111000111010
00000000000110010
00110001010101110
10110110100000110
00111101010001001
11101110011001000
11011101101000110
01000101100011000
10111010110101010
00100010100011000
00010001111010110
11000011001110010
01001001100000001
11001111000111010
00000000000110010
00110001010101110
10110110100000110
00111101010001001
11101110011001000
11011101101000110
01000101100011000
10111010110101010
00100010100011000
00010001111010110
11000011001110010
01001001100000001
11001111000111010
00000000000110010
00110001010101110
10110110100000110
00111101010001001
11101110011001000
11011101101000110
01000101100011000
10111010110101010
00100010100011000
00010001111010110
11000011001110010
01001001100000001
11001111000111010
00000000000110010
00110001010101110
10110110100000110
00111101010001001
11101110011001000
11011101101000110
01000101100011000
10111010110101010
00100010100011000
00010001111010110
11000011001110010
01001001100000001
11001111000111010
00000000000110010
00110001010101110
10110110100000110
00111101010001001
11101110011001000
11011101101000110
01000101100011000
10111010110101010
00100010100011000
00010001111010110
11000011001110010
01001001100000001
11001111000111010
00000000000110010
00110001010101110
10110110100000110
00111101010001001
11101110011001000
11011101101000110
01000101100011000
10111010110101010
00100010100011000
00010001111010110
11000011001110010
01001001100000001
11001111000111010
00000000000110010
00110001010101110
10110110100000110
00111101010001001
11101110011001000
11011101101000110
01000101100011000
10111010110101010
00100010100011000
00010001111010110
11000011001110010
01001001100000001
11001111000111010
00000000000110010
00110001010101110
10110110100000110
00111101010001001
11101110011001000
11011101101000110
01000101100011000
10111010110101010
00100010100011000
00010001111010110
11000011001110010
01001001100000001
11001111000111010
00000000000110010
00110001010101110
10110110100000110
00111101010001001
11101110011001000
11011101101000110
01000101100011000
10111010110101010
00100010100011000
00010001111010110
11000011001110010
01001001100000001
11001111000111010
00000000000110010
00110001010101110
10110110100000110
00111101010001001
11101110011001000
11011101101000110
01000101100011000
10111010110101010
00100010100011000
00010001111010110
11000011001110010
01001001100000001
11001111000111010
00000000000110010
00110001010101110
10110110100000110
00111101010001001
11101110011001000
11011101101000110
01000101100011000
10111010110101010
00100010100011000
00010001111010110
11000011001110010
01001001100000001
11001111000111010
00000000000110010
00110001010101110
10110110100000110
00111101010001001
11101110011001000
11011101101000110
01000101100011000
10111010110101010
00100010100011000
00010001111010110
11000011001110010
01001001100000001
11001111000111010
00000000000110010
00110001010101110
10110110100000110
00111101010001001
11101110011001000
11011101101000110
01000101100011000
10111010110101010
00100010100011000
00010001111010110
11000011001110010
01001001100000001
11001111000111010
00000000000110010
00110001010101110
10110110100000110
00111101010001001
11101110011001000
11011101101000110
01000101100011000
10111010110101010
00100010100011000
00010001111010110
11000011001110010
01001001100000001
11001111000111010
00000000000110010
00110001010101110
10110110100000110
00111101010001001
11101110011001000
11011101101000110
01000101100011000
10111010110101010
00100010100011000
00010001111010110
11000011001110010
01001001100000001
11001111000111010
00000000000110010
00110001010101110
10110110100000110
00111101010001001
11101110011001000
11011101101000110
01000101100011000
10111010110101010
00100010100011000
00010001111010110
11000011001110010
01001001100000001
11001111000111010
00000000000110010
00110001010101110
10110110100000110
00111101010001001
11101110011001000
11011101101000110
01000101100011000
10111010110101010
00100010100011000
00010001111010110
11000011001110010
01001001100000001
11001111000111010
00000000000110010
00110001010101110
10110110100000110
00111101010001001
11101110011001000
11011101101000110
01000101100011000
10111010110101010
00100010100011000
00010001111010110
11000011001110010
01001001100000001
11001111000111010
00000000000110010
00110001010101110
10110110100000110
00111101010001001
11101110011001000
11011101101000110
01000101100011000
10111010110101010
00100010100011000
00010001111010110
11000011001110010
01001001100000001
11001111000111010
00000000000110010
00110001010101110
10110110100000110
00111101010001001
11101110011001000
11011101101000110
01000101100011000
10111010110101010
00100010100011000
00010001111010110
11000011001110010
01001001100000001
11001111000111010
00000000000110010
00110001010101110
10110110100000110
00111101010001001
11101110011001000
11011101101000110
01000101100011000
10111010110101010
00100010100011000
00010001111010110
11000011001110010
01001001100000001
11001111000111010
00000000000110010
00110001010101110
10110110100000110
00111101010001001
11101110011001000
11011101101000110
01000101100011000
10111010110101010
00100010100011000
00010001111010110
11000011001110010
01001001100000001
11001111000111010
00000000000110010
00110001010101110
10110110100000110
00111101010001001
11101110011001000
11011101101000110
01000101100011000
10111010110101010
00100010100011000
00010001111010110
11000011001110010
01001001100000001
11001111000111010
00000000000110010
00110001010101110
10110110100000110
00111101010001001
11101110011001000
11011101101000110
01000101100011000
10111010110101010
00100010100011000
00010001111010110
11000011001110010
01001001100000001
11001111000111010
00000000000110010
00110001010101110
10110110100000110
00111101010001001
11101110011001000
11011101101000110
01000101100011000
10111010110101010
00100010100011000
00010001111010110
11000011001110010
01001001100000001
11001111000111010
00000000000110010
00110001010101110
10110110100000110
00111101010001001
11101110011001000
11011101101000110
01000101100011000
10111010110101010
00100010100011000
00010001111010110
11000011001110010
01001001100000001
11001111000111010
00000000000110010
00110001010101110
10110110100000110
00111101010001001
11101110011001000
11011101101000110
01000101100011000
10111010110101010
00100010100011000
00010001111010110
11000011001110010
01001001100000001
11001111000111010
00000000000110010
00110001010101110
10110110100000110
00111101010001001
11101110011001000
11011101101000110
01000101100011000
10111010110101010
00100010100011000
00010001111010110
11000011001110010
01001001100000001
11001111000111010
00000000000110010
00110001010101110
10110110100000110
00111101010001001
11101110011001000
11011101101000110
01000101100011000
10111010110101010
00100010100011000
00010001111010110
11000011001110010
01001001100000001
11001111000111010
00000000000110010
00110001010101110
10110110100000110
00111101010001001
11101110011001000
11011101101000110
01000101100011000
10111010110101010
00100010100011000
00010001111010110
11000011001110010
01001001100000001
11001111000111010
00000000000110010
00110001010101110
10110110100000110
00111101010001001
11101110011001000
11011101101000110
01000101100011000
10111010110101010
00100010100011000
00010001111010110
11000011001110010
01001001100000001
11001111000111010
00000000000110010
00110001010101110
10110110100000110
00111101010001001
11101110011001000
11011101101000110
01000101100011000
10111010110101010
00100010100011000
00010001111010110
11000011001110010
01001001100000001
11001111000111010
00000000000110010
00110001010101110
10110110100000110
00111101010001001
11101110011001000
11011101101000110
01000101100011000
10111010110101010
00100010100011000
00010001111010110
11000011001110010
01001001100000001
11001111000111010
00000000000110010
00110001010101110
10110110100000110
00111101010001001
11101110011001000
11011101101000110
01000101100011000
10111010110101010
00100010100011000
00010001111010110
11000011001110010
01001001100000001
11001111000111010
00000000000110010
00110001010101110
10110110100000110
00111101010001001
11101110011001000
11011101101000110
01000101100011000
10111010110101010
00100010100011000
00010001111010110
11000011001110010
01001001100000001
11001111000111010
00000000000110010
00110001010101110
10110110100000110
00111101010001001
11101110011001000
11011101101000110
01000101100011000
10111010110101010
00100010100011000
00010001111010110
11000011001110010
01001001100000001
11001111000111010
00000000000110010
00110001010101110
10110110100000110
00111101010001001
11101110011001000
11011101101000110
01000101100011000
10111010110101010
00100010100011000
00010001111010110
11000011001110010
01001001100000001
11001111000111010
00000000000110010
00110001010101110
10110110100000110
00111101010001001
11101110011001000
11011101101000110
01000101100011000
10111010110101010
00100010100011000
00010001111010110
11000011001110010
01001001100000001
11001111000111010
00000000000110010
00110001010101110
10110110100000110
00111101010001001
11101110011001000
11011101101000110
01000101100011000
10111010110101010
00100010100011000
00010001111010110
11000011001110010
01001001100000001
11001111000111010
00000000000110010
00110001010101110
10110110100000110
00111101010001001
11101110011001000
11011101101000110
01000101100011000
10111010110101010
00100010100011000
00010001111010110
11000011001110010
01001001100000001
11001111000111010
00000000000110010
00110001010101110
10110110100000110
00111101010001001
11101110011001000
11011101101000110
01000101100011000
10111010110101010
00100010100011000
00010001111010110
11000011001110010
01001001100000001
11001111000111010
00000000000110010
00110001010101110
10110110100000110
00111101010001001
11101110011001000
11011101101000110
01000101100011000
10111010110101010
00100010100011000
00010001111010110
11000011001110010
01001001100000001
11001111000111010
00000000000110010
00110001010101110
10110110100000110
00111101010001001
11101110011001000
11011101101000110
01000101100011000
10111010110101010
00100010100011000
